20010080
200200c0
20030100
20040004
cc210000
cc420000
20210010
20420010
20630010
40221820
00000000
00000000
00000000
ec63fff0
2084ffff
10800002
08000004
00000000
08000012
00000000
00000000
00000000
00000000
00000000
00000000
00000000
00000000
00000000
00000000
00000000
00000000
00000000
00000001
00000002
00000003
00000004
00000005
00000006
00000007
00000008
00000009
0000000a
0000000b
0000000c
0000000d
0000000e
0000000f
00000010
0000000a
00000014
0000001e
00000028
00000032
0000003c
00000046
00000050
0000005a
00000064
0000006e
00000078
00000082
0000008c
00000096
000000a0